[Task 3] Classification Report

              precision    recall  f1-score   support

           0       0.30      0.44      0.36        16
           1       0.59      0.55      0.57        29
           2       0.17      0.09      0.12        11

    accuracy                           0.43        56
   macro avg       0.35      0.36      0.35        56
weighted avg       0.43      0.43      0.42        56


[Confusion Matrix]
[[ 7,  5,  4],
 [12, 16,  1],
 [ 4,  6,  1]]

[Predictions]
y_true: 0, 1, 2, 1, 1, 0, 1, 1, 2, 1, 1, 0, 1, 2, 1, 1, 1, 2, 1, 1, 2, 0, 0, 1, 2, 1, 1, 0, 1, 0, 1, 2, 1, 1, 1, 1, 1, 1, 1, 1, 0, 1, 0, 0, 1, 1, 1, 1, 2, 0, 1, 1, 1, 0, 1, 2, 0, 0, 0, 1, 1, 1, 2, 1, 1, 1, 1, 1, 0, 2, 2, 0, 0, 1, 2, 1, 1, 1, 0, 1, 1, 0, 1, 0, 1, 2, 0, 1, 1, 0, 1, 0, 1, 2, 0, 0, 1, 1, 0, 2, 0, 0, 2, 0, 1, 1, 0, 2, 1, 0, 1, 1, 1, 0, 1, 2, 1, 1, 0, 2, 0, 1, 2, 1, 1, 2, 0, 2, 2, 1, 1, 2, 0, 1, 1, 1, 0, 1, 1, 2, 2, 2, 1, 2, 1, 0, 1, 1, 0, 2, 0, 0, 0, 0, 1, 2, 0, 0, 2, 2, 0, 0, 0, 1, 1, 1, 1, 1, 1, 1, 0, 1, 2, 2, 1, 1, 1, 0, 1, 0, 0, 2, 0, 2, 1, 2, 0, 1, 2, 1, 2, 0, 1, 0, 1, 0, 0, 1, 2, 2, 1, 0, 0, 0, 1, 2, 1, 1, 0, 1, 0, 2, 1, 0, 2, 1, 1, 2, 1, 1, 0, 1, 1, 1, 1, 1, 1, 0, 0, 1, 0, 1
y_pred: 0, 0, 2, 1, 1, 0, 2, 1, 2, 0, 1, 0, 1, 2, 2, 1, 1, 2, 1, 1, 2, 0, 0, 1, 1, 1, 1, 0, 1, 0, 2, 2, 0, 1, 1, 0, 1, 1, 0, 1, 1, 1, 0, 1, 1, 1, 1, 1, 2, 0, 1, 1, 1, 1, 1, 2, 0, 0, 1, 1, 1, 1, 2, 1, 1, 1, 1, 1, 0, 2, 1, 0, 0, 1, 2, 1, 1, 1, 0, 1, 1, 0, 1, 0, 1, 2, 1, 1, 1, 0, 1, 0, 1, 2, 0, 0, 1, 1, 0, 2, 0, 0, 2, 0, 1, 1, 0, 2, 1, 0, 1, 1, 1, 0, 1, 2, 1, 1, 0, 2, 0, 2, 1, 1, 1, 0, 0, 2, 2, 0, 0, 2, 0, 1, 1, 1, 1, 1, 1, 2, 1, 2, 1, 2, 1, 0, 1, 1, 0, 2, 0, 0, 0, 1, 1, 2, 0, 1, 2, 2, 0, 1, 0, 1, 1, 2, 1, 2, 0, 1, 0, 1, 2, 2, 2, 1, 1, 0, 1, 0, 0, 2, 0, 2, 1, 2, 0, 1, 2, 1, 2, 0, 1, 1, 1, 0, 0, 1, 2, 2, 1, 0, 0, 0, 1, 2, 2, 2, 0, 1, 0, 2, 1, 0, 2, 2, 1, 2, 1, 1, 0, 0, 1, 1, 0, 1, 0, 0, 0, 1, 0, 0
